#POINT 0
383 426 383 426
-0.180492 -0.223363 -0.0942833 -0.205658
-0.180193 -0.22318 -0.0938773 -0.205831
-0.180087 -0.223342 -0.094078 -0.205601
-0.180127 -0.222931 -0.0944174 -0.205978
-0.180461 -0.223033 -0.0945173 -0.206356
-0.180475 -0.223081 -0.0945568 -0.205974
-0.180453 -0.223326 -0.095765 -0.206264
-0.180363 -0.223088 -0.0965456 -0.206775
-0.18026 -0.223026 -0.096575 -0.207052
-0.180354 -0.22292 -0.0967046 -0.20831
-0.180344 -0.222956 -0.0978664 -0.208817
-0.180964 -0.223021 -0.0983492 -0.208183
-0.181066 -0.223061 -0.0977829 -0.208284
-0.180786 -0.222977 -0.0983275 -0.208866
-0.18069 -0.223322 -0.0983077 -0.208552
-0.180704 -0.222655 -0.0983542 -0.208471
-0.180174 -0.222619 -0.0982557 -0.207537
-0.180559 -0.223462 -0.0981651 -0.207691
-0.181809 -0.223717 -0.0985776 -0.208785
-0.179948 -0.223554 -0.0985682 -0.209435
-0.181676 -0.223141 -0.098507 -0.209673
-0.182215 -0.223313 -0.0984141 -0.210222
-0.183406 -0.225831 -0.0981046 -0.209554
-0.182821 -0.225776 -0.0980064 -0.209393
-0.18253 -0.22574 -0.0979646 -0.209138
-0.182303 -0.223316 -0.0977169 -0.209051
-0.182082 -0.225435 -0.0976287 -0.209274
-0.181756 -0.225248 -0.0981465 -0.209992
-0.181487 -0.224723 -0.0991731 -0.210929
-0.181221 -0.223798 -0.0998733 -0.211135
-0.181462 -0.223362 -0.0992099 -0.210929
-0.18239 -0.223481 -0.0998553 -0.21048
-0.18377 -0.223388 -0.100938 -0.210049
-0.183757 -0.223791 -0.101103 -0.210066
-0.184443 -0.224312 -0.101234 -0.212446
-0.184101 -0.224951 -0.135686 -0.259007
-0.183819 -0.225304 -0.0886232 -0.201355
-0.183409 -0.22257 -0.126304 -0.238563
-0.180357 -0.215858 -0.116976 -0.227921
-0.176412 -0.220719 -0.137194 -0.240544
-0.183142 -0.234981 -0.138844 -0.175239
-0.180202 -0.205313 -0.00310665 -0.0407831
-0.181836 -0.190693 -0.0522374 0.022784
-0.187673 -0.208095 0.0864413 0.0805815
-0.182839 -0.219378 -0.146541 -0.200881
-0.181794 -0.216189 -0.147662 -0.240654
-0.182181 -0.212913 -0.143304 -0.233593
-0.190853 -0.214172 -0.127841 -0.235907
-0.184871 -0.216965 -0.146407 -0.246914
-0.185493 -0.217043 -0.0976395 -0.203547
-0.188466 -0.218746 -0.134275 -0.243804
-0.189431 -0.221184 -0.135258 -0.256258
-0.186931 -0.22407 -0.129863 -0.238493
-0.188844 -0.224961 -0.138628 -0.245107
-0.187 -0.22461 -0.0952295 -0.205793
-0.185281 -0.224608 -0.134898 -0.248701
-0.184691 -0.224238 -0.135885 -0.24712
-0.18414 -0.224988 -0.0978884 -0.208565
-0.184199 -0.225576 -0.127836 -0.243762
-0.184293 -0.226095 -0.123822 -0.238395
-0.184634 -0.22633 -0.0930416 -0.207299
-0.184478 -0.226459 -0.0918301 -0.205665
-0.184615 -0.226878 -0.0971845 -0.203378
-0.184742 -0.22729 -0.108121 -0.211432
-0.185452 -0.227327 -0.107935 -0.205031
-0.186178 -0.227411 -0.0967459 -0.211569
-0.185547 -0.226793 -0.0986634 -0.208763
-0.186149 -0.226273 -0.0985265 -0.205345
-0.184919 -0.223812 -0.0970182 -0.207232
-0.184911 -0.22256 -0.0975718 -0.207131
-0.18601 -0.223223 -0.0979318 -0.206619
-0.185946 -0.221917 -0.0982917 -0.206086
-0.185933 -0.221675 -0.0987835 -0.205212
-0.186165 -0.221311 -0.0992654 -0.204398
-0.18687 -0.221273 -0.0988055 -0.205154
-0.187215 -0.222028 -0.0993698 -0.206059
-0.187324 -0.222582 -0.0996658 -0.205511
-0.187631 -0.224131 -0.100002 -0.20559
-0.187604 -0.223701 -0.0997461 -0.204942
-0.187743 -0.223466 -0.10003 -0.204405
-0.187704 -0.222992 -0.0999593 -0.202891
-0.188048 -0.222412 -0.100602 -0.202015
-0.188355 -0.222257 -0.103284 -0.200593
-0.188662 -0.222103 -0.103607 -0.199262
-0.188696 -0.222227 -0.105824 -0.199096
-0.188697 -0.222906 -0.105824 -0.199096
-0.18869 -0.222785 -0.103083 -0.196389
-0.188782 -0.223046 -0.100705 -0.195257
-0.188686 -0.223138 -0.100713 -0.19559
-0.188636 -0.221871 -0.105159 -0.197451
-0.188634 -0.221835 -0.104745 -0.197345
-0.189805 -0.221932 -0.104418 -0.197602
-0.189806 -0.222185 -0.104425 -0.197721
-0.189715 -0.22041 -0.104887 -0.197983
-0.189691 -0.220663 -0.104274 -0.197737
-0.188995 -0.220858 -0.104764 -0.197835
-0.189563 -0.22085 -0.104605 -0.197361
-0.190432 -0.221002 -0.104856 -0.195865
-0.190158 -0.220867 -0.104049 -0.197988
-0.190013 -0.220534 -0.10396 -0.197612
-0.190141 -0.220772 -0.104009 -0.198806
-0.190446 -0.221028 -0.104117 -0.197894
-0.190276 -0.220705 -0.105087 -0.198541
-0.190938 -0.220752 -0.105123 -0.198497
-0.191287 -0.220465 -0.106267 -0.198835
-0.191207 -0.220813 -0.107555 -0.200037
-0.190889 -0.220785 -0.107582 -0.200659
-0.191246 -0.220828 -0.142064 -0.23858
-0.191641 -0.22256 -0.142064 -0.23858
-0.191591 -0.222766 -0.143414 -0.238775
-0.191501 -0.222979 -0.143446 -0.238839
-0.191853 -0.222717 -0.144918 -0.239031
-0.191707 -0.221991 -0.144934 -0.239058
-0.191367 -0.222241 -0.146559 -0.239312
-0.190528 -0.222371 -0.146711 -0.23935
-0.191601 -0.222556 -0.145946 -0.238326
-0.191583 -0.222872 -0.145712 -0.237514
-0.190975 -0.223281 -0.144492 -0.235856
-0.190268 -0.223341 -0.144753 -0.235059
-0.190271 -0.223172 -0.14105 -0.231567
-0.190533 -0.22333 -0.137813 -0.227375
-0.190938 -0.223325 -0.13579 -0.227007
-0.190704 -0.221952 -0.135506 -0.226774
-0.190233 -0.222974 -0.134861 -0.225824
-0.191032 -0.222542 -0.134098 -0.224729
-0.190381 -0.222276 -0.133955 -0.224572
-0.184079 -0.224573 -0.108433 -0.197662
-0.178257 -0.219973 -0.0948962 -0.19474
-0.177469 -0.220987 -0.0916532 -0.18846
-0.182279 -0.22244 -0.0993726 -0.195853
-0.180502 -0.223535 -0.0960831 -0.192599
-0.182041 -0.222235 -0.0958168 -0.194749
-0.181812 -0.222199 -0.0943 -0.192075
-0.181574 -0.222225 -0.0958387 -0.194904
-0.180701 -0.222157 -0.0959705 -0.194354
-0.179801 -0.222041 -0.0960657 -0.193826
-0.180963 -0.222098 -0.0961702 -0.194541
-0.180065 -0.22203 -0.0962772 -0.195248
-0.179844 -0.222338 -0.0962771 -0.195472
-0.179732 -0.22284 -0.0962868 -0.195649
-0.179544 -0.222602 -0.0963549 -0.196173
-0.179333 -0.222203 -0.0963743 -0.196687
-0.179298 -0.222031 -0.0964034 -0.197377
-0.179351 -0.222082 -0.0962669 -0.197205
-0.179343 -0.222155 -0.0955812 -0.198013
-0.178585 -0.222083 -0.0959203 -0.197993
-0.178133 -0.222329 -0.0960156 -0.197463
-0.178109 -0.222824 -0.0961373 -0.198219
-0.177929 -0.222063 -0.0960616 -0.198238
-0.178194 -0.222066 -0.0951711 -0.198551
-0.178176 -0.221506 -0.0954319 -0.198897
-0.178221 -0.221883 -0.0953343 -0.198941
-0.178184 -0.22118 -0.0950662 -0.198711
-0.178194 -0.220913 -0.0947759 -0.19872
-0.178157 -0.220924 -0.0947952 -0.199043
-0.178482 -0.221132 -0.0947807 -0.198804
-0.178319 -0.221136 -0.0947319 -0.198804
-0.178319 -0.221136 -0.0949641 -0.198255
-0.178619 -0.221333 -0.0952272 -0.198627
-0.178454 -0.22152 -0.0952733 -0.198985
-0.178666 -0.221988 -0.0952202 -0.198102
-0.178199 -0.222161 -0.0945023 -0.201746
-0.178605 -0.221066 -0.0943132 -0.200484
-0.178825 -0.220978 -0.0948113 -0.20014
-0.178753 -0.219632 -0.0960813 -0.197919
-0.17938 -0.219843 -0.0950794 -0.197227
-0.180423 -0.219603 -0.0943639 -0.19624
-0.180507 -0.219292 -0.0942329 -0.195702
-0.180378 -0.219226 -0.0941259 -0.195624
-0.180067 -0.21933 -0.0934686 -0.19557
-0.180322 -0.21892 -0.0936497 -0.19674
-0.180645 -0.218849 -0.0935588 -0.197341
-0.18125 -0.21773 -0.0936551 -0.200045
-0.181046 -0.217891 -0.0931637 -0.197724
-0.181007 -0.217636 -0.092928 -0.197334
-0.180475 -0.217105 -0.0919671 -0.198176
-0.181489 -0.216573 -0.0925034 -0.197836
-0.181562 -0.21654 -0.0918913 -0.197069
-0.181374 -0.216555 -0.0917188 -0.196918
-0.181383 -0.216701 -0.0917511 -0.196611
-0.183134 -0.216302 -0.0965301 -0.198452
-0.182994 -0.21674 -0.0960621 -0.196978
-0.183125 -0.217495 -0.098056 -0.198983
-0.183511 -0.217429 -0.0985372 -0.198792
-0.183513 -0.21679 -0.0995301 -0.199678
-0.183991 -0.216788 -0.102229 -0.199989
-0.184001 -0.217427 -0.101914 -0.200256
-0.185444 -0.221954 -0.0989178 -0.188008
-0.184034 -0.220246 -0.0910907 -0.202384
-0.181797 -0.218748 -0.112739 -0.21444
-0.180801 -0.22619 -0.142409 -0.246491
-0.177065 -0.224647 -0.151081 -0.264836
-0.18091 -0.217498 -0.136642 -0.248877
-0.174877 -0.212176 -0.138894 -0.216859
-0.177789 -0.177993 0.125041 0.0469357
-0.0449771 0.0162917 0.118926 0.00903657
-0.0808794 -0.0232425 0.105323 0.0485929
-0.1689 -0.162406 0.0824797 0.116801
-0.184061 -0.211204 0.044043 0.0495075
-0.180348 -0.223063 -0.138371 -0.210013
-0.184269 -0.222162 -0.133848 -0.237137
-0.184201 -0.213776 -0.130079 -0.233416
-0.182442 -0.213527 -0.124956 -0.248277
-0.180959 -0.218381 -0.132495 -0.248223
-0.187048 -0.221328 -0.0970133 -0.208159
-0.187364 -0.220217 -0.08656 -0.211792
-0.184943 -0.222901 -0.10054 -0.211983
-0.184629 -0.229904 -0.135244 -0.261411
-0.18218 -0.225148 -0.134892 -0.259073
-0.181459 -0.220376 -0.0902353 -0.207754
-0.18235 -0.217592 -0.0860386 -0.205457
-0.181101 -0.21799 -0.130918 -0.254006
-0.17988 -0.219564 -0.138891 -0.259258
-0.180632 -0.222945 -0.124171 -0.244304
-0.180934 -0.220908 -0.0809635 -0.203479
-0.181322 -0.221764 -0.125436 -0.253851
-0.181493 -0.222562 -0.0997914 -0.227331
-0.181648 -0.223079 -0.0813155 -0.203485
-0.18161 -0.223537 -0.086868 -0.204552
-0.181507 -0.223486 -0.0882795 -0.209882
-0.181415 -0.223442 -0.0817441 -0.201704
-0.181095 -0.224474 -0.0845131 -0.202753
-0.180708 -0.224056 -0.0872647 -0.204656
-0.180707 -0.224966 -0.085855 -0.205101
-0.180647 -0.224551 -0.0874966 -0.205818
-0.180515 -0.225117 -0.0888401 -0.202047
-0.180821 -0.225874 -0.0904271 -0.203534
-0.180867 -0.226462 -0.0891314 -0.200773
-0.179552 -0.224582 -0.0881038 -0.203694
-0.179488 -0.226602 -0.0883705 -0.202655
-0.179525 -0.226128 -0.0888193 -0.201677
-0.179548 -0.227018 -0.0891276 -0.202002
-0.17921 -0.226809 -0.089116 -0.201821
-0.179265 -0.226676 -0.0893915 -0.200906
-0.179311 -0.227253 -0.0896645 -0.199966
-0.179358 -0.227647 -0.0905853 -0.201726
-0.17783 -0.227817 -0.0906465 -0.200598
-0.17922 -0.225846 -0.0907298 -0.199446
-0.180203 -0.22633 -0.0911072 -0.199429
-0.180596 -0.226352 -0.0910932 -0.199191
-0.180526 -0.225565 -0.0906994 -0.198899
-0.180437 -0.226429 -0.0903972 -0.197151
-0.18041 -0.226425 -0.0906193 -0.196853
-0.180367 -0.226304 -0.0909903 -0.196302
-0.180347 -0.226863 -0.0918446 -0.196047
-0.180097 -0.226448 -0.0929495 -0.196004
-0.179873 -0.224696 -0.0920744 -0.199348
-0.179867 -0.224839 -0.0921766 -0.199365
-0.179743 -0.224846 -0.095321 -0.200642
-0.177422 -0.224068 -0.0953724 -0.200431
-0.177416 -0.22398 -0.0953631 -0.199666
-0.177328 -0.222118 -0.0953948 -0.199764
-0.177265 -0.22116 -0.0952999 -0.199224
-0.177249 -0.220856 -0.095341 -0.199927
-0.177471 -0.221704 -0.132234 -0.251551
-0.177847 -0.221213 -0.133219 -0.247153
-0.177933 -0.221191 -0.133181 -0.246578
-0.178049 -0.220796 -0.131851 -0.2456
-0.179903 -0.21815 -0.130808 -0.241212
-0.179999 -0.216902 -0.130772 -0.240651
-0.180276 -0.215953 -0.130741 -0.240273
-0.180983 -0.21418 -0.129165 -0.237551
-0.182389 -0.213728 -0.127883 -0.234519
-0.183492 -0.214128 -0.126816 -0.233971
-0.183847 -0.223186 -0.090226 -0.200292
-0.18456 -0.220395 -0.0909309 -0.199861
-0.184772 -0.220805 -0.0908981 -0.199311
-0.185207 -0.222901 -0.0913862 -0.198802
-0.185398 -0.222255 -0.0908145 -0.197644
-0.185872 -0.223447 -0.0912858 -0.196838
-0.186155 -0.223568 -0.0894896 -0.196477
-0.187127 -0.223533 -0.0912886 -0.196694
-0.187403 -0.223279 -0.0919609 -0.196313
-0.187453 -0.22282 -0.0926119 -0.199921
-0.1875 -0.222761 -0.129348 -0.241114
-0.18749 -0.222394 -0.130082 -0.2415
-0.187481 -0.221789 -0.130201 -0.241076
-0.187485 -0.221654 -0.129932 -0.239608
-0.186558 -0.222642 -0.130086 -0.239416
-0.187684 -0.222695 -0.130553 -0.2407
-0.187594 -0.219806 -0.134885 -0.247808
-0.187646 -0.217231 -0.0917167 -0.209637
-0.189334 -0.221056 -0.127879 -0.24704
-0.190975 -0.21799 -0.0993489 -0.212496
-0.186566 -0.220625 -0.136846 -0.251544
-0.187745 -0.219378 -0.133902 -0.253662
-0.187636 -0.219685 -0.131939 -0.253712
-0.186554 -0.219743 -0.131418 -0.252054
-0.186872 -0.217145 -0.130378 -0.250192
-0.187746 -0.220927 -0.129021 -0.253704
-0.184637 -0.215495 -0.127649 -0.256168
-0.185295 -0.21848 -0.127709 -0.255325
-0.186628 -0.219274 -0.127662 -0.254083
-0.181205 -0.217803 -0.128108 -0.254313
-0.184787 -0.219498 -0.128537 -0.253769
-0.187122 -0.218885 -0.13081 -0.249383
-0.192722 -0.219047 -0.141816 -0.263151
-0.186924 -0.21849 -0.127373 -0.244818
-0.186371 -0.214508 -0.12277 -0.238824
-0.184883 -0.214929 -0.115881 -0.223899
-0.182005 -0.217261 -0.0968448 -0.200517
-0.18388 -0.216591 -0.099333 -0.192463
-0.182554 -0.216285 -0.0980593 -0.19504
-0.179874 -0.21622 -0.0965066 -0.193386
-0.179579 -0.214702 -0.108146 -0.208196
-0.179709 -0.21477 -0.119811 -0.222011
-0.179809 -0.214304 -0.121208 -0.222274
-0.179613 -0.214152 -0.11938 -0.220928
-0.179376 -0.213938 -0.118838 -0.221151
-0.179104 -0.213986 -0.118244 -0.220681
-0.179267 -0.214484 -0.118113 -0.219973
-0.179357 -0.214524 -0.118289 -0.219029
-0.179443 -0.215201 -0.118269 -0.218747
-0.179467 -0.21542 -0.118447 -0.218892
-0.179504 -0.215649 -0.119095 -0.220098
-0.179293 -0.216134 -0.119732 -0.221306
-0.179081 -0.216653 -0.119863 -0.22353
-0.179043 -0.217787 -0.119864 -0.223887
-0.179079 -0.219175 -0.121045 -0.223188
-0.179127 -0.219807 -0.120947 -0.224129
-0.17883 -0.218729 -0.122466 -0.223887
-0.178797 -0.218123 -0.122483 -0.224132
-0.179657 -0.217296 -0.0985194 -0.197639
-0.179569 -0.217556 -0.0990084 -0.19839
-0.179601 -0.218837 -0.0990541 -0.197466
-0.167847 -0.211986 -0.0796665 -0.187487
-0.164094 -0.213101 -0.0791979 -0.186109
-0.163297 -0.214431 -0.0831862 -0.187513
-0.165462 -0.212089 -0.0820971 -0.187475
-0.165539 -0.212929 -0.0810229 -0.187418
-0.164993 -0.211891 -0.0799953 -0.186611
-0.165529 -0.210839 -0.0797467 -0.185864
-0.165051 -0.210746 -0.0793082 -0.186559
-0.16541 -0.210188 -0.0788207 -0.186258
-0.165943 -0.210939 -0.0787345 -0.186545
-0.166072 -0.212068 -0.0787131 -0.186849
-0.165719 -0.211718 -0.0788875 -0.187102
-0.165364 -0.211835 -0.0790761 -0.18738
-0.165575 -0.212632 -0.0788248 -0.187088
-0.165776 -0.213444 -0.0786302 -0.188415
-0.165806 -0.213059 -0.0790291 -0.187918
-0.16584 -0.212693 -0.0784902 -0.187388
-0.165868 -0.210924 -0.079163 -0.187383
-0.165838 -0.211855 -0.0793439 -0.187006
-0.165839 -0.211638 -0.079864 -0.188667
-0.165879 -0.210877 -0.0790291 -0.187212
-0.165814 -0.211374 -0.0788761 -0.187349
-0.165847 -0.212069 -0.0789138 -0.187138
-0.1655 -0.212103 -0.0790312 -0.188702
-0.165561 -0.213386 -0.078925 -0.189051
-0.165802 -0.211649 -0.0796539 -0.189422
-0.166284 -0.212615 -0.0789207 -0.188968
-0.166585 -0.212411 -0.0794258 -0.188871
-0.16722 -0.212666 -0.0789285 -0.188897
-0.166961 -0.213023 -0.0788609 -0.188531
-0.166866 -0.212555 -0.0790974 -0.189246
-0.166994 -0.212403 -0.0791879 -0.189106
-0.166941 -0.212066 -0.079247 -0.189263
#POINT 1
1149 426 1149 426
0.16052 -0.232347 0.230371 -0.20371
0.160602 -0.233355 0.230085 -0.203682
0.160602 -0.233344 0.228786 -0.20359
0.160115 -0.232053 0.228707 -0.203404
0.160626 -0.232159 0.229894 -0.203921
0.160188 -0.232098 0.229891 -0.203884
0.160879 -0.231129 0.229859 -0.204859
0.160885 -0.230767 0.230716 -0.206153
0.160883 -0.230594 0.229877 -0.204932
0.160872 -0.231076 0.229819 -0.204145
0.160872 -0.230778 0.229767 -0.204141
0.160889 -0.230541 0.230529 -0.203925
0.161039 -0.230692 0.229486 -0.203272
0.161078 -0.231404 0.230607 -0.203027
0.161149 -0.231287 0.230172 -0.202195
0.161136 -0.23085 0.229934 -0.201963
0.161192 -0.231729 0.229692 -0.20184
0.161162 -0.23131 0.229601 -0.201091
0.161259 -0.231457 0.22948 -0.200844
0.161237 -0.232816 0.229412 -0.200793
0.161286 -0.232884 0.229081 -0.20267
0.161476 -0.23291 0.22901 -0.202232
0.161368 -0.232627 0.23009 -0.201962
0.161348 -0.232102 0.230093 -0.202741
0.161348 -0.232114 0.229113 -0.202564
0.155085 -0.222909 0.217956 -0.201844
0.150424 -0.218328 0.218238 -0.195619
0.147097 -0.219887 0.220454 -0.199544
0.150434 -0.219043 0.227504 -0.203166
0.152252 -0.219785 0.219725 -0.198203
0.152885 -0.219265 0.219988 -0.199493
0.151873 -0.217687 0.219848 -0.20024
0.152076 -0.218054 0.220117 -0.200063
0.151732 -0.218227 0.220362 -0.200292
0.151937 -0.21846 0.223025 -0.201161
0.152164 -0.218761 0.22015 -0.200544
0.152273 -0.220191 0.221158 -0.201067
0.152382 -0.221578 0.222185 -0.201651
0.152433 -0.220191 0.223457 -0.201834
0.152639 -0.221623 0.224733 -0.202074
0.152031 -0.221688 0.225197 -0.202631
0.152274 -0.221866 0.225661 -0.203187
0.152156 -0.222214 0.226176 -0.203554
0.15251 -0.222609 0.225429 -0.203185
0.152265 -0.222531 0.225791 -0.202992
0.152419 -0.223095 0.226145 -0.20313
0.15249 -0.222829 0.226477 -0.202897
0.152508 -0.222265 0.225889 -0.202959
0.152546 -0.222243 0.225398 -0.202187
0.152557 -0.222538 0.225129 -0.200349
0.15254 -0.222351 0.225024 -0.200488
0.15254 -0.222351 0.224979 -0.201335
0.152499 -0.222336 0.224935 -0.201475
0.152443 -0.222433 0.22421 -0.201183
0.152497 -0.222437 0.220887 -0.198777
0.15261 -0.222552 0.221091 -0.198743
0.152802 -0.222593 0.221327 -0.198636
0.152939 -0.22142 0.220005 -0.198227
0.152564 -0.22063 0.220513 -0.198306
0.1527 -0.220813 0.220394 -0.198297
0.152528 -0.220836 0.22036 -0.197591
0.1523 -0.216785 0.220475 -0.19735
0.151975 -0.216861 0.220763 -0.197079
0.151453 -0.216959 0.220757 -0.196803
0.151915 -0.216783 0.221486 -0.198155
0.15139 -0.216402 0.221457 -0.197511
0.151407 -0.216599 0.2215 -0.197583
0.15139 -0.216844 0.22164 -0.197579
0.151297 -0.216566 0.221079 -0.198372
0.151035 -0.216597 0.217429 -0.197324
0.15069 -0.215974 0.217174 -0.19794
0.150427 -0.216469 0.217069 -0.198449
0.150072 -0.218062 0.21764 -0.200141
0.150125 -0.217928 0.217626 -0.197799
0.150578 -0.21838 0.217916 -0.199306
0.150475 -0.218421 0.217904 -0.198913
0.150525 -0.218399 0.218786 -0.200094
0.150579 -0.218722 0.219136 -0.200139
0.150951 -0.216861 0.219153 -0.199829
0.150945 -0.216798 0.219292 -0.200353
0.151433 -0.216759 0.219416 -0.20049
0.151702 -0.220029 0.219521 -0.199969
0.152257 -0.220143 0.219444 -0.200359
0.152152 -0.22033 0.219522 -0.199802
0.151457 -0.219985 0.219761 -0.199349
0.151477 -0.220198 0.220608 -0.199755
0.15221 -0.220065 0.220676 -0.199222
0.152387 -0.220411 0.220668 -0.198742
0.152359 -0.220851 0.220575 -0.198881
0.152346 -0.220885 0.219663 -0.198662
0.152087 -0.220475 0.220594 -0.198764
0.151986 -0.220405 0.219922 -0.1987
0.151826 -0.220394 0.219817 -0.198839
0.151845 -0.22048 0.219756 -0.198872
0.151683 -0.220581 0.219663 -0.198651
0.151468 -0.220268 0.219673 -0.198592
0.151605 -0.220611 0.219635 -0.198411
0.151535 -0.220559 0.219508 -0.198237
0.151432 -0.220611 0.219487 -0.198295
0.151806 -0.220797 0.218381 -0.19839
0.151772 -0.220834 0.218209 -0.198511
0.151747 -0.22089 0.218197 -0.198511
0.151186 -0.220862 0.218094 -0.199494
0.151078 -0.220695 0.218261 -0.199504
0.150924 -0.221042 0.218982 -0.199557
0.150747 -0.220845 0.218172 -0.199297
0.15121 -0.220679 0.217905 -0.198149
0.151656 -0.220738 0.217902 -0.198135
0.151669 -0.220272 0.217622 -0.197537
0.151638 -0.220369 0.216529 -0.197406
0.151565 -0.220324 0.217665 -0.198184
0.151589 -0.220119 0.217315 -0.198498
0.15157 -0.22051 0.217611 -0.198348
0.151535 -0.220604 0.217205 -0.198194
0.150244 -0.219311 0.216269 -0.198142
0.150271 -0.219017 0.217213 -0.198325
0.151489 -0.21898 0.217157 -0.198845
0.151702 -0.218971 0.217489 -0.200011
0.151505 -0.218983 0.217458 -0.199734
0.151742 -0.218792 0.217397 -0.200139
0.151677 -0.217903 0.218327 -0.200275
0.153441 -0.217811 0.218192 -0.200374
0.153907 -0.217682 0.218307 -0.200177
0.153459 -0.217725 0.218276 -0.199922
0.153503 -0.216222 0.218595 -0.199895
0.153431 -0.216315 0.218965 -0.200104
0.153455 -0.216133 0.218934 -0.199816
0.152927 -0.21634 0.218934 -0.199816
0.152938 -0.216169 0.218867 -0.200159
0.152909 -0.215983 0.218845 -0.199631
0.152909 -0.215983 0.217956 -0.199524
0.152334 -0.215614 0.218798 -0.199115
0.152307 -0.21577 0.217838 -0.198491
0.152522 -0.216728 0.217486 -0.198792
0.152535 -0.216728 0.217394 -0.19719
0.152606 -0.217725 0.217017 -0.196278
0.152608 -0.218033 0.217014 -0.196252
0.152587 -0.21765 0.217092 -0.198224
0.15288 -0.217977 0.217097 -0.198093
0.152863 -0.21762 0.21699 -0.197847
0.152852 -0.217497 0.216673 -0.195722
0.153145 -0.217176 0.21684 -0.195731
0.153314 -0.217138 0.216463 -0.196594
0.154577 -0.217118 0.217733 -0.196708
0.154645 -0.217907 0.218214 -0.197639
0.154761 -0.217366 0.218398 -0.198866
0.154792 -0.218223 0.218261 -0.198525
0.154803 -0.218483 0.218407 -0.198819
0.155878 -0.219482 0.218414 -0.198128
0.155309 -0.220745 0.218326 -0.197765
0.155256 -0.221231 0.218174 -0.196996
0.155859 -0.221251 0.218378 -0.197398
0.155957 -0.222514 0.218565 -0.197898
0.156142 -0.222469 0.218556 -0.197542
0.156139 -0.222454 0.218062 -0.197654
0.156123 -0.222394 0.218062 -0.197643
0.15582 -0.222754 0.218543 -0.197564
0.15574 -0.221711 0.218403 -0.19759
0.155499 -0.221387 0.218115 -0.196862
0.153727 -0.203038 0.218166 -0.196887
0.156299 -0.22453 0.218515 -0.196942
0.155749 -0.218171 0.218663 -0.197058
0.154092 -0.218136 0.218635 -0.191308
0.152717 -0.217929 0.218768 -0.191376
0.154209 -0.218869 0.218867 -0.192161
0.155965 -0.220631 0.219049 -0.193952
0.155624 -0.220386 0.21933 -0.197082
0.155698 -0.220169 0.217033 -0.19809
0.155511 -0.220021 0.217198 -0.198692
0.155149 -0.219835 0.21809 -0.199221
0.155118 -0.219944 0.219393 -0.199198
0.155108 -0.219832 0.219867 -0.198638
0.155068 -0.219977 0.219855 -0.198638
0.154879 -0.219963 0.219926 -0.198547
0.154866 -0.219825 0.22003 -0.19915
0.154843 -0.219702 0.220037 -0.199078
0.154631 -0.219859 0.22001 -0.198648
0.154361 -0.219998 0.220139 -0.198858
0.154892 -0.219974 0.220125 -0.198451
0.154766 -0.219904 0.219952 -0.197987
0.154729 -0.2187 0.219938 -0.198176
0.15523 -0.218478 0.220009 -0.197321
0.15526 -0.218664 0.219984 -0.196714
0.155388 -0.219066 0.219944 -0.19707
0.155926 -0.21956 0.221607 -0.196696
0.15676 -0.219326 0.221561 -0.196754
0.157104 -0.219142 0.22157 -0.196718
0.157104 -0.219142 0.219077 -0.196343
0.157124 -0.219206 0.219154 -0.195584
0.157166 -0.219381 0.21943 -0.195683
0.15652 -0.217959 0.219211 -0.195648
0.156578 -0.217739 0.219523 -0.195748
0.156613 -0.217828 0.219676 -0.195732
0.156578 -0.218182 0.219745 -0.19583
0.15572 -0.217701 0.220397 -0.196392
0.15506 -0.216982 0.21996 -0.196344
0.155169 -0.217331 0.220193 -0.196393
0.155154 -0.217 0.220841 -0.196523
0.155169 -0.217331 0.220874 -0.195847
0.155006 -0.216978 0.220104 -0.195827
0.155053 -0.217384 0.220175 -0.196128
0.155185 -0.218266 0.221204 -0.196782
0.155238 -0.218281 0.221256 -0.196785
0.155126 -0.217905 0.219246 -0.196578
0.155054 -0.217544 0.219322 -0.196951
0.1552 -0.217849 0.219497 -0.197114
0.15557 -0.217337 0.219616 -0.198516
0.155713 -0.215744 0.219669 -0.197948
0.155778 -0.216052 0.219767 -0.197904
0.156358 -0.215689 0.219728 -0.196723
0.15648 -0.215993 0.219753 -0.196723
0.156472 -0.215736 0.219781 -0.19657
0.15655 -0.215717 0.21987 -0.196552
0.156278 -0.214132 0.219882 -0.196911
0.156337 -0.214038 0.219939 -0.19702
0.156615 -0.214304 0.220747 -0.197232
0.156768 -0.21501 0.219928 -0.197223
0.156497 -0.214502 0.219827 -0.197242
0.156512 -0.214368 0.219842 -0.198435
0.157203 -0.214004 0.219787 -0.198395
0.157161 -0.213841 0.219726 -0.198428
0.157577 -0.214177 0.219588 -0.197502
0.158863 -0.214367 0.219582 -0.197429
0.158871 -0.214148 0.219531 -0.197426
0.158597 -0.212552 0.219384 -0.198503
0.158373 -0.213207 0.219349 -0.198729
0.157956 -0.212396 0.219206 -0.198697
0.15789 -0.212392 0.218954 -0.197586
0.157906 -0.212418 0.219993 -0.197452
0.158192 -0.212476 0.219948 -0.197365
0.157427 -0.212139 0.21982 -0.197751
0.157194 -0.211587 0.220415 -0.198024
0.157078 -0.211618 0.222185 -0.198434
0.15658 -0.211253 0.221959 -0.198111
0.156504 -0.211636 0.22184 -0.19808
0.156641 -0.211817 0.221817 -0.198316
0.155836 -0.212856 0.221556 -0.19822
0.155845 -0.213565 0.221366 -0.198246
0.156417 -0.214168 0.221406 -0.199407
0.15643 -0.214339 0.2198 -0.197632
0.157146 -0.21445 0.219335 -0.197155
0.157127 -0.214365 0.21977 -0.197166
0.157144 -0.214573 0.219739 -0.197665
0.15723 -0.215863 0.220301 -0.197446
0.155902 -0.215929 0.219788 -0.198621
0.155918 -0.216736 0.219133 -0.197607
0.155953 -0.217291 0.219011 -0.197313
0.156252 -0.21828 0.219263 -0.198784
0.156305 -0.218567 0.219303 -0.198798
0.156387 -0.219052 0.219329 -0.19862
0.156375 -0.218768 0.218974 -0.198481
0.156332 -0.21841 0.219011 -0.198055
0.156437 -0.218257 0.219449 -0.197732
0.151972 -0.218538 0.219098 -0.196092
0.143104 -0.20515 0.211045 -0.20034
0.142348 -0.194471 0.208625 -0.19576
0.144142 -0.195891 0.217071 -0.199846
0.145559 -0.19293 0.215436 -0.199659
0.143918 -0.194126 0.216591 -0.196038
0.142501 -0.193875 0.215914 -0.196014
0.141957 -0.193236 0.215821 -0.193966
0.142454 -0.193788 0.215952 -0.195792
0.141961 -0.194009 0.215777 -0.193869
0.14243 -0.194 0.215629 -0.192545
0.143807 -0.194226 0.215496 -0.192242
0.144525 -0.194353 0.215377 -0.191975
0.143439 -0.193858 0.214793 -0.192171
0.142374 -0.193771 0.214182 -0.191783
0.142078 -0.193825 0.213791 -0.192057
0.142421 -0.193858 0.213337 -0.192295
0.143507 -0.194043 0.21302 -0.192526
0.144595 -0.194251 0.213005 -0.192468
0.144583 -0.194273 0.212649 -0.191856
0.144737 -0.194034 0.21264 -0.1913
0.144746 -0.193975 0.212124 -0.19034
0.14469 -0.193935 0.212137 -0.191604
0.144678 -0.193969 0.211489 -0.191595
0.145027 -0.193907 0.211483 -0.191869
0.145006 -0.193943 0.21145 -0.191548
0.144193 -0.193963 0.21094 -0.191498
0.144085 -0.193898 0.210931 -0.191769
0.144601 -0.193966 0.211393 -0.191249
0.145188 -0.194098 0.210807 -0.191206
0.145178 -0.193799 0.210526 -0.191191
0.145079 -0.192684 0.210368 -0.191268
0.145049 -0.193826 0.210306 -0.19111
0.14559 -0.192813 0.210152 -0.191078
0.144933 -0.192295 0.210277 -0.191048
0.144697 -0.192972 0.210175 -0.191222
0.145408 -0.193227 0.21026 -0.190944
0.145039 -0.192469 0.21023 -0.190692
0.145062 -0.192078 0.211121 -0.190727
0.144994 -0.190815 0.211333 -0.190701
0.14491 -0.191595 0.211302 -0.191018
0.144808 -0.19058 0.211346 -0.190903
0.144612 -0.190936 0.211914 -0.190638
0.144513 -0.18959 0.211831 -0.190527
0.144497 -0.189543 0.212951 -0.190774
0.144299 -0.189163 0.213658 -0.190938
0.145397 -0.191481 0.21365 -0.190786
0.145431 -0.191233 0.213646 -0.190905
0.145397 -0.192359 0.21429 -0.190051
0.145409 -0.192337 0.214177 -0.189008
0.145421 -0.192147 0.214048 -0.189815
0.145414 -0.192943 0.21397 -0.189999
0.145401 -0.192943 0.214104 -0.189923
0.145381 -0.192133 0.214017 -0.188905
0.14534 -0.19194 0.214007 -0.188772
0.145352 -0.190683 0.214023 -0.188408
0.145352 -0.190683 0.213876 -0.186823
0.145447 -0.191626 0.214005 -0.186865
0.14544 -0.191185 0.213763 -0.186619
0.145452 -0.191141 0.213777 -0.186431
0.145497 -0.191738 0.213777 -0.186431
0.145544 -0.190991 0.213636 -0.183888
0.145349 -0.190847 0.213622 -0.183874
0.144778 -0.190898 0.213445 -0.188687
0.144788 -0.189961 0.213403 -0.187811
0.144805 -0.190365 0.212233 -0.188388
0.144869 -0.190335 0.212233 -0.188388
0.145116 -0.190325 0.211821 -0.187649
0.144742 -0.190042 0.212331 -0.188546
0.145028 -0.189656 0.213933 -0.189184
0.145594 -0.190035 0.214112 -0.189439
0.145638 -0.190275 0.213947 -0.189018
0.145317 -0.190195 0.213937 -0.188841
0.145317 -0.190195 0.213931 -0.188758
0.14538 -0.189652 0.214085 -0.188779
0.145473 -0.189669 0.214033 -0.187726
0.14538 -0.189831 0.214012 -0.187997
0.145466 -0.189542 0.213988 -0.188253
0.14574 -0.189167 0.213988 -0.188253
0.145886 -0.189577 0.214332 -0.188026
0.145883 -0.189541 0.214758 -0.188152
0.145975 -0.189524 0.214745 -0.188152
0.146121 -0.189545 0.214655 -0.188157
0.146267 -0.188877 0.214862 -0.187993
0.147227 -0.188723 0.214553 -0.187729
0.147138 -0.188953 0.213876 -0.188294
0.147266 -0.188547 0.213898 -0.188438
0.147285 -0.189363 0.213867 -0.188554
0.146927 -0.189651 0.214083 -0.190786
0.146682 -0.190219 0.214065 -0.18992
0.146428 -0.189111 0.214046 -0.190014
0.147826 -0.189385 0.214083 -0.189569
0.14814 -0.189214 0.213385 -0.190607
0.148666 -0.1892 0.214409 -0.189692
0.148654 -0.188534 0.21348 -0.189701
0.148691 -0.189211 0.213076 -0.189538
0.14903 -0.188962 0.213091 -0.189541
0.148941 -0.189915 0.213871 -0.189628
0.148723 -0.18874 0.213895 -0.189639
0.147712 -0.18875 0.213879 -0.187919
0.148653 -0.189021 0.213854 -0.187504
0.148717 -0.188835 0.213854 -0.187504
0.148584 -0.189514 0.213311 -0.187347
0.148568 -0.189478 0.21387 -0.187353
0.148508 -0.189213 0.214442 -0.186724
0.148137 -0.189167 0.214493 -0.186749
0.148117 -0.189593 0.214432 -0.186569
0.148175 -0.189323 0.214491 -0.186691
0.146143 -0.189676 0.214593 -0.187342
#POINT 2
766 852 766 852
-0.0645411 -0.0136039 0.0541879 0.16882
-0.0175569 -0.0178365 0.0542441 -0.0559595
-0.0126179 -0.0560156 0.0612986 -0.0608486
-0.0155148 -0.067218 0.051277 -0.0621244
-0.0181928 -0.0729742 0.0505759 -0.0539739
-0.0124824 -0.0812661 0.04909 -0.0499768
-0.0194769 -0.0741069 0.0495065 -0.0467963
-0.0160129 -0.0721087 0.0482806 -0.0536513
-0.0150819 -0.0766045 0.0490763 -0.0540482
-0.0190602 -0.0713591 0.054394 -0.0547054
-0.0138672 -0.0794406 0.0592667 -0.0611507
-0.0168731 -0.0720315 0.0584423 -0.0533479
-0.020014 -0.0709975 0.0573276 -0.0622812
-0.0163487 -0.065187 0.057685 -0.0610667
-0.0185003 -0.0718251 0.0609368 -0.056694
-0.0176159 -0.0698071 0.059322 -0.0577385
-0.0169052 -0.0726416 0.0556766 -0.063088
-0.0192333 -0.074013 0.0547755 -0.0611073
-0.0194898 -0.0661208 0.0598313 -0.0596646
-0.0150258 -0.0697859 0.0525365 -0.0562
-0.021034 -0.0686378 0.0588406 -0.0626384
-0.0189391 -0.0699282 0.054487 -0.0619459
-0.0175492 -0.0716385 0.0558837 -0.0604274
-0.0163009 -0.0703697 0.0558383 -0.0630257
-0.0167198 -0.0701686 0.0556084 -0.0669489
-0.016754 -0.0702843 0.0554112 -0.0638015
-0.0169606 -0.070768 0.0551918 -0.0640321
-0.0168083 -0.0710734 0.0549838 -0.0634868
-0.0169732 -0.0706408 0.0548915 -0.0639687
-0.0208496 -0.0655072 0.0550765 -0.0651852
-0.0183823 -0.072288 0.0549262 -0.0644933
-0.0181512 -0.0669667 0.0549954 -0.0638742
-0.0180819 -0.071921 0.0550761 -0.0634027
-0.0216294 -0.0732243 0.0551224 -0.0635491
-0.0144952 -0.0711994 0.0549028 -0.0626166
-0.0164163 -0.0704646 0.0547181 -0.0631504
-0.0178284 -0.0714904 0.0545449 -0.0633393
-0.0178063 -0.0712173 0.0546373 -0.0638742
-0.0179902 -0.0716583 0.0543371 -0.0641474
-0.0178379 -0.0719116 0.0549377 -0.0642523
-0.0178485 -0.0721118 0.0554112 -0.0640217
-0.01796 -0.0707003 0.0556306 -0.063707
-0.0180785 -0.0701948 0.0559079 -0.0642835
-0.0182191 -0.0699416 0.056439 -0.0636758
-0.0180463 -0.0696582 0.0568663 -0.0634348
-0.0182095 -0.0695103 0.0566123 -0.063655
-0.0183612 -0.0693623 0.0562889 -0.063654
-0.0181959 -0.0698687 0.0559546 -0.0655427
-0.0207986 -0.0666105 0.0529052 -0.0609505
-0.0273375 -0.0670004 0.0472242 -0.0616862
-0.024488 -0.0629985 0.0477213 -0.0610572
-0.0275294 -0.0611037 0.0469495 -0.0590785
-0.027491 -0.0661179 0.0464163 -0.0613717
-0.0276632 -0.0628542 0.0465432 -0.0614766
-0.0293988 -0.0635525 0.0458747 -0.0602414
-0.0284351 -0.0642894 0.0467742 -0.061299
-0.0288749 -0.0643831 0.0476752 -0.0609316
-0.0293148 -0.0645289 0.0470972 -0.0616758
-0.0292569 -0.0645289 0.0465207 -0.0608797
-0.0293383 -0.0644551 0.0471203 -0.0616758
-0.0292464 -0.0641617 0.0477096 -0.0611828
-0.0291429 -0.063858 0.0470633 -0.060942
-0.0292576 -0.0642876 0.0474672 -0.0611725
-0.029373 -0.0644447 0.0474321 -0.0617693
-0.0292903 -0.0650531 0.0473969 -0.0623144
-0.0292072 -0.0657147 0.0472468 -0.0623247
-0.029055 -0.06624 0.0470736 -0.0623144
-0.0289028 -0.0667551 0.0470966 -0.0623465
-0.0289692 -0.067826 0.0470853 -0.062116
-0.0287001 -0.0685526 0.0470735 -0.0623465
-0.0290496 -0.0679842 0.0469237 -0.0620008
-0.0293742 -0.0679832 0.046901 -0.0616229
-0.029536 -0.0681821 0.04719 -0.0612669
-0.0292114 -0.0681414 0.0470398 -0.0613613
-0.0290261 -0.0681518 0.0471325 -0.0609949
-0.0290949 -0.0683517 0.0469708 -0.0610365
-0.0291753 -0.0686453 0.0468545 -0.0619167
-0.0291988 -0.0685193 0.0468543 -0.0621368
-0.0291974 -0.06894 0.0481008 -0.0630163
-0.0292179 -0.0698647 0.0468547 -0.061707
-0.0290199 -0.0701073 0.0467739 -0.061707
-0.0290673 -0.0698543 0.0468665 -0.0615077
-0.0284867 -0.0663887 0.0481251 -0.0614756
-0.0263015 -0.0682638 0.0499376 -0.0620612
-0.0246694 -0.0705716 0.0452835 -0.0622748
-0.023107 -0.0665403 0.0430785 -0.061606
-0.0237093 -0.0668111 0.0474327 -0.0609005
-0.0252296 -0.066366 0.0492348 -0.059339
-0.0261664 -0.0670771 0.0494656 -0.0595164
-0.0212336 -0.0621068 0.0473282 -0.0616437
-0.0204587 -0.0645538 0.0512 -0.0498092
-0.0228903 -0.068611 0.0577838 -0.0510723
-0.0185498 -0.080444 0.0507333 0.028514
-0.0182386 -0.0180644 0.105003 0.197211
-0.0317992 -0.0131078 0.19726 0.277295
-0.036171 -0.0426939 0.0494173 0.0976109
-0.0237859 -0.0648058 0.0472782 -0.0333277
-0.0277612 -0.0610508 0.0502582 -0.0391036
-0.0269513 -0.0681047 0.0473795 -0.0378056
-0.0236645 -0.063075 0.0448193 -0.0420089
-0.0289515 -0.0659258 0.0479287 -0.0447134
-0.0291901 -0.0592882 0.0424248 -0.0500126
-0.0237594 -0.0589766 0.0453404 -0.0522016
-0.0216138 -0.0562287 0.0460209 -0.0523261
-0.0227465 -0.0569481 0.0463501 -0.0581998
-0.0232222 -0.0489605 0.0493176 -0.0558142
-0.0236629 -0.0566 0.0424009 -0.0507323
-0.0280647 -0.0558576 0.0473932 -0.0525033
-0.02608 -0.0576827 0.0422727 -0.051714
-0.0211664 -0.061561 0.0438482 -0.0558384
-0.0234273 -0.0578566 0.0479437 -0.056996
-0.0263828 -0.0610647 0.0447499 -0.0543015
-0.0244805 -0.0617405 0.0425549 -0.0564043
-0.0245801 -0.0596651 0.0469163 -0.0573941
-0.0212784 -0.0593501 0.0428258 -0.0521937
-0.022647 -0.0591048 0.0422055 -0.0585385
-0.0216519 -0.0649278 0.0473642 -0.0599998
-0.0222959 -0.0633615 0.0457244 -0.0604614
-0.0215942 -0.0617805 0.0445488 -0.0586726
-0.0219669 -0.0613805 0.0433917 -0.0606106
-0.0223017 -0.0617675 0.0444767 -0.061028
-0.022688 -0.0606345 0.0433792 -0.0613538
-0.0230708 -0.0604871 0.0444302 -0.0612169
-0.023114 -0.0613883 0.0464855 -0.0613935
-0.0236367 -0.0644594 0.0474105 -0.0599261
-0.0230655 -0.0652176 0.0461509 -0.0612046
-0.0241395 -0.0632303 0.0466371 -0.0598015
-0.0252424 -0.0589412 0.0453169 -0.0633963
-0.0299648 -0.0596948 0.0466783 -0.0649784
-0.028591 -0.0582316 0.0480669 -0.0620735
-0.0270618 -0.0624994 0.04614 -0.060503
-0.0262258 -0.063047 0.0478135 -0.0613292
-0.0257875 -0.0624396 0.0494766 -0.0603547
-0.0263666 -0.0624804 0.0505738 -0.0593484
-0.0257285 -0.0627754 0.0495573 -0.060773
-0.0255561 -0.062398 0.0470393 -0.0618959
-0.0253817 -0.0625872 0.0478932 -0.0626497
-0.025345 -0.0631746 0.0484827 -0.0618846
-0.025321 -0.0633846 0.0490839 -0.0607947
-0.0252532 -0.0628813 0.0492571 -0.0607522
-0.0253673 -0.0633222 0.0488877 -0.0607626
-0.0255086 -0.0627026 0.0490375 -0.0610563
-0.025497 -0.0626713 0.048922 -0.061213
-0.025416 -0.0626713 0.0488296 -0.0612027
-0.0254391 -0.0626921 0.0487257 -0.0611923
-0.0250009 -0.0620744 0.0486449 -0.0611611
-0.0251745 -0.0620744 0.0485641 -0.0611092
-0.0253454 -0.0630488 0.0483332 -0.061078
-0.027241 -0.0645023 0.0470508 -0.061979
-0.0296231 -0.0574865 0.044745 -0.0587349
-0.027011 -0.0601724 0.0495234 -0.0593494
-0.0244872 -0.0632086 0.0502842 -0.0616531
-0.0261968 -0.0573474 0.0473631 -0.0613509
-0.0265605 -0.0597545 0.0462684 -0.0590898
-0.0261594 -0.062103 0.0477453 -0.059978
-0.0264753 -0.0610231 0.0484029 -0.0605539
-0.0260271 -0.0599235 0.0492805 -0.0603122
-0.0255839 -0.060847 0.0487028 -0.0608788
-0.0251466 -0.0599885 0.0485295 -0.0611611
-0.0250281 -0.0608271 0.0486567 -0.0607843
-0.0250193 -0.0599052 0.0489105 -0.0611611
-0.0249503 -0.0597899 0.0491758 -0.0615379
-0.0250062 -0.0603562 0.0491413 -0.0613179
-0.0252168 -0.0597787 0.0492796 -0.0617891
-0.0249751 -0.0592558 0.0493491 -0.0613594
-0.0250425 -0.0599052 0.0495685 -0.0612659
-0.0251011 -0.0596642 0.0497416 -0.0615379
-0.024754 -0.0596122 0.0499146 -0.0617788
-0.0242189 -0.0602738 0.0500418 -0.0614019
-0.0237561 -0.0601073 0.0499727 -0.0610978
-0.023654 -0.0594266 0.0504115 -0.0610138
-0.0237466 -0.0593849 0.0504805 -0.0615058
-0.0241644 -0.0592367 0.0509195 -0.0609713
-0.0241297 -0.0592367 0.0510351 -0.0606049
-0.0240958 -0.0589333 0.051058 -0.0609713
-0.0242578 -0.0589021 0.0507 -0.0612442
-0.0241978 -0.0595618 0.0508387 -0.060773
-0.0244421 -0.0592575 0.0509887 -0.0611498
-0.0245342 -0.0594353 0.0509771 -0.0611498
-0.0245094 -0.059907 0.0510114 -0.0622916
-0.02444 -0.0599902 0.0506188 -0.0622812
-0.0242648 -0.0603787 0.0505153 -0.0610771
-0.0243805 -0.0603787 0.050573 -0.0613283
-0.0243797 -0.0606406 0.0506769 -0.0613283
-0.0243789 -0.0608817 0.0508731 -0.0613283
-0.0243789 -0.0609025 0.0508731 -0.0615058
-0.0243793 -0.0608288 0.0508734 -0.0607409
-0.0243685 -0.0639645 0.0508734 -0.0607097
-0.0243789 -0.0609025 0.0470664 -0.0573309
-0.0271196 -0.0624786 0.0484706 -0.0627536
-0.0229383 -0.0620277 0.0476773 -0.0582517
-0.0239027 -0.0612911 0.0522356 -0.0608561
-0.0253166 -0.0574122 0.0492586 -0.058114
-0.0269632 -0.0605608 0.0516121 -0.0611498
-0.0264977 -0.0612746 0.049927 -0.060249
-0.0259662 -0.0608982 0.0513116 -0.062438
-0.0258578 -0.062188 0.051658 -0.0623549
-0.0259662 -0.0608982 0.0519585 -0.0610865
-0.0251773 -0.0612772 0.0520393 -0.0610449
-0.0243764 -0.0617092 0.0520741 -0.0602801
-0.0242945 -0.0618359 0.0521321 -0.0590341
-0.0244574 -0.0617196 0.0520631 -0.0578102
-0.0244227 -0.0617509 0.0522014 -0.0588463
-0.0243871 -0.0618775 0.0522705 -0.0597458
-0.0241552 -0.0619305 0.0521203 -0.0601753
-0.0244917 -0.0618767 0.0520047 -0.0608353
-0.0242367 -0.0619296 0.0521317 -0.0607938
-0.0244103 -0.0619608 0.0522471 -0.0610242
-0.0239791 -0.0626541 0.0523164 -0.0610449
-0.0241296 -0.0626541 0.0524317 -0.0619667
-0.0240701 -0.063147 0.0525356 -0.062166
-0.0242325 -0.0631149 0.0524433 -0.0619563
-0.0242271 -0.0646156 0.0524433 -0.0617258
-0.023647 -0.0647954 0.0522586 -0.0616002
-0.0233459 -0.0646496 0.0522008 -0.061621
-0.0246509 -0.0627677 0.0516697 -0.0616002
-0.0236066 -0.0630438 0.0516697 -0.0616626
-0.0230497 -0.063286 0.0516467 -0.061349
-0.0219949 -0.0631637 0.0525126 -0.061621
-0.0220991 -0.0632783 0.0527897 -0.0616937
-0.0218533 -0.0638668 0.0527897 -0.0615162
-0.0219232 -0.0637409 0.0525934 -0.0615162
-0.0222825 -0.0637921 0.0522817 -0.0616106
-0.0222941 -0.0637921 0.051358 -0.0616843
-0.0223751 -0.0638233 0.0513121 -0.0608249
-0.0223987 -0.0637391 0.0512429 -0.0606153
-0.0224914 -0.0637287 0.0534709 -0.060552
-0.0226539 -0.0636757 0.0509775 -0.0600186
-0.0227341 -0.0639275 0.0522936 -0.0598714
-0.0226856 -0.0645881 0.05309 -0.0600394
-0.0228133 -0.0645247 0.0531708 -0.0602386
-0.0228931 -0.0649128 0.0531362 -0.0604794
-0.0229754 -0.0645872 0.0531246 -0.060469
-0.0229982 -0.0646922 0.0531246 -0.0603849
-0.022999 -0.0644717 0.0531015 -0.0603217
-0.0236371 -0.0642503 0.0534825 -0.0598194
-0.0238463 -0.0641235 0.0535633 -0.0603953
-0.0245071 -0.0641425 0.0536441 -0.0598194
-0.0245302 -0.0641425 0.054152 -0.0596099
-0.0237743 -0.0648787 0.054152 -0.0598402
-0.0238219 -0.0645427 0.0541867 -0.0604576
-0.023867 -0.0648891 0.0542213 -0.0600913
-0.0239939 -0.0650671 0.0544291 -0.0602169
-0.0241564 -0.0649933 0.0544984 -0.0603434
-0.0253414 -0.0642343 0.0472942 -0.0608901
-0.0312826 -0.0604985 0.0459498 -0.0542695
-0.0266335 -0.062312 0.0447576 -0.0578139
-0.0255388 -0.0604698 0.0450968 -0.0535804
-0.0221668 -0.0571482 0.0472888 -0.0533072
-0.0258178 -0.0562911 0.0496306 -0.0528258
-0.0264374 -0.0582054 0.0489153 -0.0530038
-0.0261887 -0.0601429 0.0482002 -0.0531499
-0.026824 -0.0606866 0.0484311 -0.0527739
-0.0266157 -0.0606242 0.0481886 -0.0532026
-0.0275562 -0.0598256 0.0469537 -0.0541009
-0.0278364 -0.0589873 0.0481875 -0.0549778
-0.0279632 -0.0591234 0.0483604 -0.0550409
-0.0280789 -0.0592587 0.048522 -0.0549467
-0.0281466 -0.059908 0.0487067 -0.0548524
-0.0281911 -0.0605262 0.0488799 -0.0546224
-0.0282363 -0.060945 0.0492722 -0.0544235
-0.0282822 -0.0610499 0.0488916 -0.0542462
-0.0286259 -0.0623805 0.0496531 -0.0539436
-0.0288808 -0.0623171 0.0488688 -0.0536721
-0.0288226 -0.0624741 0.0486613 -0.0535052
-0.029135 -0.0626094 0.0487999 -0.0533375
-0.0292606 -0.063176 0.0487653 -0.0533272
-0.0296082 -0.0631647 0.0496996 -0.0532329
-0.0295619 -0.0631334 0.0496419 -0.0532537
-0.029261 -0.0631334 0.0500341 -0.0532848
-0.0294121 -0.0629026 0.0499764 -0.0532226
-0.0297007 -0.0632792 0.0499769 -0.0519589
-0.0300251 -0.0632158 0.0500692 -0.0519278
-0.0302447 -0.0633312 0.0500694 -0.0515207
-0.0305575 -0.0633719 0.0505889 -0.0498818
-0.030569 -0.0633407 0.0507042 -0.0498611
-0.0304996 -0.0633927 0.0510731 -0.0497885
-0.0302096 -0.0634674 0.0513158 -0.0478903
-0.0299312 -0.0636254 0.0520649 -0.0484533
-0.0290506 -0.0637426 0.0520649 -0.0483799
-0.0290973 -0.063596 0.0520418 -0.0484222
-0.0293209 -0.0623787 0.0467543 -0.043048
-0.0336423 -0.061186 0.0437835 -0.0406881
-0.0333633 -0.0618043 0.0446941 -0.0401882
-0.0307358 -0.0615269 0.0421458 -0.0422085
-0.0290176 -0.0588799 0.0406819 -0.042397
-0.0315816 -0.0613361 0.0417306 -0.0425208
-0.0313389 -0.0610647 0.0420763 -0.0424689
-0.0311069 -0.0613057 0.0419616 -0.0419901
-0.030783 -0.0612641 0.0422964 -0.0414071
-0.0311073 -0.0612008 0.0426186 -0.0419163
-0.0314437 -0.060834 0.0426873 -0.0423225
-0.0317807 -0.0603095 0.0427564 -0.0424054
-0.0314909 -0.0605713 0.0425604 -0.0424061
-0.0317801 -0.0606649 0.042353 -0.0423853
-0.031861 -0.0606857 0.0426524 -0.0427177
-0.0319423 -0.0605808 0.0429401 -0.0429574
-0.0319643 -0.0609797 0.0430095 -0.042697
-0.0319403 -0.0614297 0.0430675 -0.0424365
-0.0317774 -0.0617549 0.0432632 -0.0425615
-0.031789 -0.0617549 0.0432632 -0.0425615
-0.0312558 -0.0619657 0.0434362 -0.0425298
-0.0306201 -0.0615477 0.043436 -0.042603
-0.0306673 -0.06116 0.0434355 -0.0431233
-0.0319174 -0.0612936 0.0434354 -0.0433313
-0.0305079 -0.0601647 0.0436084 -0.0432269
-0.0304475 -0.0611705 0.0436085 -0.0429153
-0.0307014 -0.0614532 0.0433896 -0.0428842
-0.0302752 -0.0605219 0.0436666 -0.0425712
-0.0306695 -0.0603424 0.0436207 -0.042384
-0.0307045 -0.0601855 0.0434827 -0.0420717
-0.0307608 -0.0607933 0.0432288 -0.0424987
-0.0310503 -0.060834 0.0430559 -0.0423328
-0.0310954 -0.0613265 0.0427789 -0.0428738
-0.0311511 -0.0622068 0.0426968 -0.0442898
-0.0303536 -0.0615902 0.0429837 -0.0453522
-0.0303996 -0.0616639 0.0432952 -0.0451538
-0.0302142 -0.0618001 0.0441136 -0.045122
-0.0298194 -0.0621783 0.0441247 -0.0455285
-0.0298079 -0.0621679 0.0441225 -0.0477585
-0.0298217 -0.0613292 0.0443396 -0.0496353
-0.0296479 -0.0613404 0.0448238 -0.0498227
-0.0295202 -0.0614662 0.0459076 -0.0499991
-0.0295318 -0.0614662 0.045873 -0.0499783
-0.0292184 -0.0617914 0.045873 -0.0499576
-0.0292545 -0.0612988 0.0459072 -0.050406
-0.0293239 -0.0613196 0.0459071 -0.0504898
-0.0287209 -0.0615937 0.0458951 -0.051022
-0.0288828 -0.0616249 0.0454109 -0.0508033
-0.0289298 -0.0614463 0.044742 -0.0509183
-0.029313 -0.0609641 0.0444763 -0.0512734
-0.0292551 -0.0609953 0.0444302 -0.0512838
-0.029281 -0.0599895 0.0444305 -0.0510332
-0.0292112 -0.0600736 0.0444305 -0.0510332
-0.0292915 -0.0603354 0.0450186 -0.0510643
-0.0293031 -0.0603458 0.045007 -0.0510332
-0.029314 -0.0606493 0.0450085 -0.0496345
-0.0296267 -0.060638 0.0444317 -0.0497916
-0.0296264 -0.0607742 0.044433 -0.0485815
-0.0296151 -0.0606484 0.0444444 -0.0486238
-0.0296151 -0.0606484 0.044321 -0.0451427
-0.0295114 -0.0603875 0.0444138 -0.0445697
#POINT 3
383 1278 383 1278
-0.183455 0.0664169 -0.125062 0.0951165
-0.183441 0.0662677 -0.125371 0.0953107
-0.183455 0.0664169 -0.125377 0.0954532
-0.183528 0.0664179 -0.12524 0.0954716
-0.183596 0.0662053 -0.127325 0.0956722
-0.182876 0.0665467 -0.127325 0.0957151
-0.182499 0.0664131 -0.127604 0.0957241
-0.183104 0.0663902 -0.127583 0.0958866
-0.183157 0.0666579 -0.127533 0.0955356
-0.1832 0.0669585 -0.127533 0.0955356
-0.183229 0.0677397 -0.127446 0.0959051
-0.183376 0.0678171 -0.127446 0.0959158
-0.183425 0.0679346 -0.127723 0.0958803
-0.183478 0.0675292 -0.128021 0.095779
-0.183529 0.0676161 -0.128087 0.0958141
-0.18296 0.0676177 -0.128419 0.0966327
-0.183066 0.0681217 -0.128411 0.0964456
-0.182984 0.0681852 -0.128693 0.0969133
-0.18328 0.0702125 -0.129009 0.0969223
-0.183535 0.0702701 -0.129591 0.0959112
-0.183306 0.0702666 -0.129597 0.0960431
-0.183254 0.0701584 -0.129612 0.0961413
-0.183126 0.0698246 -0.130515 0.0959167
-0.18281 0.0698294 -0.13064 0.0968725
-0.183467 0.0704829 -0.130493 0.097043
-0.18326 0.069901 -0.130722 0.0981006
-0.183081 0.0694485 -0.131167 0.0984323
-0.182083 0.069282 -0.131208 0.0989039
-0.182146 0.0693372 -0.130832 0.0986412
-0.182143 0.0697121 -0.13071 0.0981006
-0.181677 0.0688698 -0.129738 0.0981268
-0.181924 0.0691939 -0.129758 0.0986641
-0.181972 0.0691093 -0.128738 0.0990723
-0.182323 0.0691044 -0.127764 0.0987145
-0.183731 0.0691602 -0.127814 0.0993515
-0.184275 0.069147 -0.127486 0.0993744
-0.184389 0.0693315 -0.127461 0.0983233
-0.183965 0.0699878 -0.12639 0.0997147
-0.184503 0.0696325 -0.126023 0.0983355
-0.18455 0.0711979 -0.126253 0.0997975
-0.184266 0.0720827 -0.126314 0.0990334
-0.184823 0.0726489 -0.125935 0.0997007
-0.184892 0.0730468 -0.125264 0.0985762
-0.184385 0.0725346 -0.125931 0.098541
-0.184707 0.0712532 -0.124813 0.0996787
-0.184804 0.0711591 -0.124652 0.0997722
-0.184817 0.0706344 -0.124648 0.0985701
-0.184821 0.0708062 -0.124922 0.098544
-0.18456 0.0711438 -0.124875 0.0996696
-0.184295 0.0711932 -0.124143 0.0985654
-0.184409 0.0714626 -0.124143 0.0985225
-0.18377 0.0716449 -0.12428 0.099861
-0.184504 0.0719144 -0.12425 0.098711
-0.183818 0.0721497 -0.124295 0.0985486
-0.183842 0.0726863 -0.124304 0.0984505
-0.183872 0.0729652 -0.124735 0.098265
-0.183821 0.0728145 -0.125125 0.0982328
-0.183844 0.0728569 -0.125036 0.0998721
-0.183862 0.0730617 -0.124565 0.0987632
-0.183849 0.0730287 -0.12465 0.0993459
-0.18397 0.0729994 -0.124674 0.0989748
-0.184458 0.0731255 -0.124595 0.0985348
-0.184144 0.0731524 -0.124119 0.0988827
-0.184205 0.0732384 -0.124081 0.0985532
-0.184439 0.0733821 -0.12418 0.0992445
-0.183583 0.073078 -0.123313 0.0992412
-0.184617 0.0731821 -0.12294 0.099701
-0.183766 0.073124 -0.122882 0.0990986
-0.183952 0.0727734 -0.121721 0.100027
-0.183594 0.0718884 -0.121718 0.100235
-0.182948 0.0706559 -0.12158 0.0995962
-0.180655 0.07156 -0.12139 0.100914
-0.180527 0.0705951 -0.120505 0.101032
-0.179825 0.0711722 -0.121334 0.101745
-0.179174 0.0712791 -0.121536 0.101784
-0.179209 0.0713002 -0.122943 0.101135
-0.179242 0.0716657 -0.122182 0.101266
-0.179879 0.0703061 -0.122905 0.101791
-0.179873 0.0700383 -0.122062 0.102742
-0.180079 0.0700629 -0.121941 0.101237
-0.180563 0.0701027 -0.121781 0.100959
-0.180146 0.0703319 -0.121674 0.101152
-0.179977 0.0709818 -0.121172 0.101106
-0.18017 0.0709735 -0.120949 0.101187
-0.180619 0.0709923 -0.120812 0.101565
-0.180621 0.0710569 -0.120972 0.101504
-0.180635 0.0711427 -0.121917 0.101533
-0.180631 0.0709923 -0.121845 0.101629
-0.180656 0.0710781 -0.120984 0.101504
-0.181037 0.0713308 -0.120797 0.101478
-0.181428 0.0714237 -0.120346 0.101476
-0.181029 0.0709135 -0.120019 0.101488
-0.180674 0.071272 -0.120019 0.101488
-0.180709 0.0713144 -0.120203 0.10168
-0.180009 0.0707679 -0.120232 0.10283
-0.179951 0.0726509 -0.120431 0.102824
-0.180871 0.0725924 -0.12066 0.102832
-0.180871 0.072603 -0.120617 0.10305
-0.180787 0.072623 -0.120593 0.103367
-0.180742 0.0727829 -0.120349 0.103557
-0.180536 0.0727899 -0.120065 0.103034
-0.180461 0.0726711 -0.120012 0.102955
-0.18148 0.0728161 -0.119907 0.102492
-0.181695 0.0726279 -0.119938 0.103018
-0.181595 0.0724868 -0.119882 0.102852
-0.18157 0.0724115 -0.119949 0.10326
-0.181482 0.0728384 -0.120998 0.102831
-0.18147 0.0728596 -0.120837 0.10322
-0.182281 0.0728199 -0.12065 0.103215
-0.182719 0.0729447 -0.12065 0.103248
-0.182753 0.0733637 -0.119466 0.103103
-0.183727 0.073563 -0.119212 0.102733
-0.184445 0.075271 -0.12028 0.102765
-0.184812 0.0764166 -0.120573 0.102916
-0.185392 0.0773085 -0.120464 0.10264
-0.186747 0.0776123 -0.12093 0.10169
-0.187443 0.0792182 -0.120224 0.101614
-0.195237 0.0765177 -0.120903 0.100955
-0.195956 0.0792803 -0.121846 0.101322
-0.195926 0.0790637 -0.121874 0.100711
-0.196665 0.0806648 -0.121706 0.1003
-0.196711 0.0823616 -0.12171 0.100038
-0.196844 0.0837361 -0.122121 0.0992731
-0.197066 0.0841954 -0.122093 0.0988349
-0.197314 0.0842768 -0.122732 0.0984918
-0.197197 0.0857788 -0.122979 0.0983891
-0.19736 0.0859442 -0.12259 0.0983248
-0.197861 0.0858902 -0.123659 0.0983554
-0.197949 0.0859569 -0.1236 0.0967683
-0.198687 0.0859419 -0.123846 0.0969505
-0.198545 0.0856899 -0.123798 0.0973534
-0.19871 0.0859206 -0.124321 0.0985716
-0.198611 0.0862869 -0.124289 0.0983845
-0.198594 0.0869907 -0.124261 0.0976719
-0.198682 0.0858113 -0.124712 0.0979263
-0.19862 0.0866761 -0.124838 0.0976335
-0.199517 0.0866427 -0.125148 0.0970863
-0.199877 0.0863047 -0.125172 0.096737
-0.200429 0.0862521 -0.126129 0.0971028
-0.200403 0.0866414 -0.126134 0.0975949
-0.200959 0.0867409 -0.126301 0.0973803
-0.201303 0.0866841 -0.127171 0.0973401
-0.200961 0.0872184 -0.127291 0.0981975
-0.200893 0.0869569 -0.127581 0.0978339
-0.201231 0.0884291 -0.127622 0.0979766
-0.201082 0.0867544 -0.12758 0.0984798
-0.201383 0.0860787 -0.127299 0.099095
-0.202106 0.0859223 -0.127236 0.099072
-0.202294 0.0855905 -0.127111 0.0991333
-0.202291 0.0855678 -0.126874 0.0985135
-0.202497 0.0854214 -0.126422 0.0985549
-0.202196 0.0856744 -0.126383 0.0984996
-0.204748 0.0852559 -0.126632 0.0991516
-0.203114 0.0854567 -0.126795 0.0977236
-0.20396 0.0852924 -0.12678 0.0976469
-0.204627 0.0852758 -0.126558 0.0971472
-0.203837 0.0853109 -0.126253 0.098058
-0.203674 0.0864461 -0.125197 0.0978082
-0.202791 0.0866742 -0.125188 0.0978741
-0.20277 0.0871413 -0.12515 0.0975231
-0.203634 0.0871507 -0.12614 0.0960316
-0.202758 0.0871946 -0.126434 0.0965203
-0.203617 0.0870199 -0.126184 0.096525
-0.203591 0.0873883 -0.125464 0.0947456
-0.203548 0.0872133 -0.126342 0.0946712
-0.20292 0.0872309 -0.126395 0.0964544
-0.202837 0.0873269 -0.12641 0.0962245
-0.202666 0.0873773 -0.126324 0.0944859
-0.203126 0.0875716 -0.125804 0.0943839
-0.204621 0.087597 -0.125299 0.0940202
-0.204391 0.0877541 -0.125638 0.0939753
-0.204752 0.0878282 -0.125879 0.0939826
-0.204859 0.0881022 -0.125715 0.0943702
-0.205068 0.0880746 -0.125991 0.0943132
-0.204471 0.0875606 -0.125933 0.0972179
-0.20399 0.0879617 -0.12573 0.0972011
-0.203843 0.0879695 -0.124874 0.0972305
-0.20329 0.0880966 -0.125688 0.095724
-0.202898 0.0881853 -0.125654 0.0965422
-0.202863 0.0882493 -0.124809 0.0954582
-0.202844 0.0896075 -0.125687 0.0949597
-0.202792 0.0887152 -0.124787 0.0948137
-0.203086 0.0898846 -0.124825 0.0948044
-0.199389 0.0906652 -0.125432 0.094516
-0.199359 0.0900563 -0.125518 0.0944853
-0.198672 0.0901481 -0.125729 0.094753
-0.198631 0.0904296 -0.125291 0.0951454
-0.198655 0.0907888 -0.125281 0.0941732
-0.198588 0.0910583 -0.124742 0.0945733
-0.198637 0.0926679 -0.124252 0.0945708
-0.198302 0.0912913 -0.124365 0.0946274
-0.198292 0.0918014 -0.125016 0.0945471
-0.198273 0.092007 -0.124661 0.0951812
-0.198291 0.0922247 -0.12396 0.0952492
-0.198225 0.092473 -0.124174 0.0951908
-0.19788 0.0919979 -0.124103 0.0950348
-0.19882 0.0921942 -0.124115 0.0949919
-0.198031 0.0921319 -0.124144 0.0951235
-0.198725 0.0919414 -0.123299 0.0957013
-0.199839 0.0913273 -0.123314 0.0958207
-0.199837 0.0911979 -0.123161 0.0964179
-0.199821 0.0902523 -0.122876 0.0965405
-0.199767 0.0880688 -0.122853 0.0948263
-0.199782 0.0877433 -0.122084 0.0950887
-0.19865 0.0876854 -0.121121 0.0948005
-0.199301 0.0868011 -0.12094 0.0936067
-0.199292 0.0865184 -0.120989 0.0939353
-0.199143 0.0864396 -0.120766 0.0932539
-0.199072 0.0865781 -0.120782 0.0937445
-0.199022 0.0865341 -0.121046 0.0937411
-0.199811 0.0865739 -0.121041 0.094689
-0.199803 0.0867365 -0.12141 0.0940677
-0.199744 0.0868005 -0.121419 0.094002
-0.199524 0.0868388 -0.12238 0.0938969
-0.198632 0.0866547 -0.12245 0.0933753
-0.198625 0.0868067 -0.123729 0.0933337
-0.198613 0.0868067 -0.123763 0.0939241
-0.198341 0.0867463 -0.124523 0.0941298
-0.198383 0.0873223 -0.124533 0.0936829
-0.198399 0.0904785 -0.124623 0.0948307
-0.19852 0.0908178 -0.124663 0.0959024
-0.198361 0.0912274 -0.124577 0.0942078
-0.19833 0.0914436 -0.124658 0.0950511
-0.198309 0.0911711 -0.124745 0.0978603
-0.198172 0.0906369 -0.125899 0.0980043
-0.198075 0.0902869 -0.125908 0.0979599
-0.19791 0.089686 -0.125902 0.0978065
-0.197805 0.090313 -0.125875 0.0977728
-0.197621 0.0898749 -0.125881 0.0978832
-0.197408 0.0901413 -0.125921 0.0989889
-0.197543 0.0901549 -0.125854 0.097828
-0.197497 0.0906859 -0.125813 0.0977606
-0.197372 0.0901839 -0.125829 0.0988554
-0.197583 0.0902324 -0.125756 0.0979123
-0.197789 0.0902034 -0.125741 0.0978679
-0.197789 0.0902034 -0.125733 0.0976701
-0.19758 0.0902203 -0.125796 0.0989965
-0.19758 0.0902203 -0.12579 0.0991928
-0.197065 0.0901978 -0.125805 0.0989413
-0.197093 0.0902966 -0.125805 0.0989413
-0.197595 0.0902857 -0.125799 0.0987772
-0.19874 0.090737 -0.125766 0.0992036
-0.197817 0.090736 -0.125672 0.100044
-0.198337 0.0912913 -0.12569 0.100176
-0.198453 0.0918806 -0.12522 0.0998108
-0.19868 0.092441 -0.1253 0.0999121
-0.198983 0.0931219 -0.124908 0.0995392
-0.199077 0.0933323 -0.125009 0.0998169
-0.199613 0.0931601 -0.125102 0.0992724
-0.199613 0.0927685 -0.125235 0.098498
-0.199196 0.092802 -0.125268 0.0983033
-0.199495 0.0925369 -0.125319 0.0977239
-0.201095 0.0925108 -0.124669 0.0971371
-0.201176 0.0923173 -0.124762 0.0968781
-0.201226 0.0919591 -0.124767 0.0970099
-0.201276 0.091601 -0.12483 0.0967264
-0.201394 0.0914197 -0.124831 0.0963664
-0.201878 0.0911376 -0.124886 0.0958426
-0.199887 0.0908187 -0.124875 0.0951335
-0.199996 0.0908202 -0.125128 0.0948776
-0.200053 0.0910607 -0.124914 0.0951457
-0.200207 0.0908794 -0.125142 0.095239
-0.200396 0.0906022 -0.124928 0.0952116
-0.200368 0.0908626 -0.124525 0.0949043
-0.200484 0.0906158 -0.124516 0.0946532
-0.200581 0.0901727 -0.124519 0.0950574
-0.198352 0.0901407 -0.124524 0.0951783
-0.197838 0.0901836 -0.124631 0.0935879
-0.198614 0.089007 -0.124192 0.0935763
-0.198662 0.0902348 -0.12418 0.0936084
-0.197632 0.0906996 -0.121951 0.0934708
-0.197351 0.0902919 -0.124204 0.0935763
-0.197073 0.0891787 -0.124232 0.094046
-0.195612 0.0882999 -0.122051 0.094096
-0.195473 0.0881877 -0.121623 0.094095
-0.195688 0.0880294 -0.121633 0.0937235
-0.195762 0.0880202 -0.121753 0.09352
-0.195773 0.0879457 -0.12197 0.0929159
-0.195773 0.0879564 -0.122549 0.0926046
-0.195617 0.0885158 -0.12211 0.0929523
-0.195688 0.088388 -0.122172 0.0929431
-0.195707 0.0882467 -0.122199 0.0929659
-0.194291 0.0888757 -0.122074 0.0930487
-0.194293 0.0889091 -0.121457 0.0929671
-0.194305 0.088508 -0.121472 0.0930221
-0.194332 0.0881297 -0.122189 0.0930745
-0.194339 0.0879565 -0.122094 0.0932566
-0.194358 0.088195 -0.122627 0.0926396
-0.194372 0.088271 -0.122629 0.0930432
-0.195777 0.0885521 -0.122594 0.0927482
-0.19573 0.0886266 -0.122545 0.0931718
-0.194344 0.0881403 -0.122428 0.0927531
-0.195702 0.0880735 -0.122041 0.0942689
-0.195688 0.0879655 -0.121981 0.0947033
-0.195669 0.088192 -0.122205 0.0939353
-0.195638 0.0884185 -0.12218 0.0931723
-0.196629 0.0886804 -0.122119 0.0939339
-0.196825 0.0886635 -0.123855 0.094025
-0.196825 0.0886635 -0.123829 0.093664
-0.19692 0.0881556 -0.124327 0.0942448
-0.197531 0.0872049 -0.124288 0.0931631
-0.196844 0.0863232 -0.123756 0.0930293
-0.196856 0.0863232 -0.122016 0.093538
-0.196794 0.0863537 -0.121993 0.0935808
-0.196832 0.0863658 -0.121975 0.0934494
-0.196843 0.0867562 -0.123699 0.0934867
-0.196988 0.0866617 -0.121966 0.093483
-0.196874 0.0865404 -0.121969 0.0935594
-0.196631 0.0883444 -0.121993 0.0935594
-0.196673 0.0867852 -0.121076 0.0934919
-0.1959 0.0868213 -0.120617 0.093653
-0.194948 0.0883053 -0.120617 0.0936851
-0.194976 0.0884253 -0.120634 0.093763
-0.194934 0.0868972 -0.120657 0.0941008
-0.194979 0.0884693 -0.120661 0.093818
-0.195165 0.0886029 -0.120649 0.0938394
-0.195295 0.0888444 -0.121173 0.0915771
-0.19521 0.0888323 -0.121277 0.0913723
-0.195413 0.0890646 -0.121582 0.0918162
-0.196429 0.0890546 -0.121829 0.0924759
-0.197237 0.087675 -0.121682 0.0921246
-0.197535 0.088234 -0.122223 0.0926281
-0.198089 0.0878457 -0.122749 0.0922176
-0.197727 0.0880225 -0.122924 0.0922004
-0.198297 0.08785 -0.123684 0.0923948
-0.198296 0.0864424 -0.123954 0.0907464
-0.19832 0.0856296 -0.12409 0.0906528
-0.197499 0.0856659 -0.123876 0.0910063
-0.197502 0.0856993 -0.123864 0.0910706
-0.197206 0.0856816 -0.123899 0.0913227
-0.197204 0.0851941 -0.124131 0.0914491
-0.197195 0.0849011 -0.123859 0.0908428
-0.197195 0.0848905 -0.123824 0.0902638
-0.197162 0.0849664 -0.123842 0.0904166
-0.197143 0.0847706 -0.123883 0.090473
-0.195846 0.0848399 -0.123945 0.0904851
-0.19509 0.084943 -0.12337 0.0905139
-0.195102 0.0849749 -0.123358 0.0905246
-0.195081 0.0846289 -0.122693 0.0908988
-0.195078 0.0845637 -0.122673 0.0903535
-0.195078 0.0845318 -0.122681 0.090931
-0.19509 0.084585 -0.122745 0.0913678
-0.194649 0.084554 -0.122859 0.0910116
-0.194639 0.0846404 -0.12276 0.0910209
-0.194585 0.0844023 -0.121834 0.0914536
-0.194583 0.0843902 -0.121844 0.0910075
-0.194613 0.0846178 -0.121765 0.0906122
-0.194599 0.0844887 -0.121816 0.0905922
-0.194583 0.0843796 -0.121912 0.0900835
-0.194595 0.084369 -0.121295 0.0903613
-0.194838 0.0842987 -0.121042 0.0906275
-0.196061 0.0842279 -0.122138 0.0908512
-0.196218 0.0841228 -0.12215 0.0908512
-0.196158 0.0841441 -0.122165 0.0908419
-0.196158 0.0841441 -0.122157 0.0906556
-0.196163 0.0843065 -0.121278 0.0909492
-0.19617 0.0841228 -0.121383 0.0907444
-0.196416 0.0841497 -0.121399 0.0912453
-0.196582 0.0839688 -0.121545 0.0910647
-0.196279 0.0841242 -0.121569 0.0907165
-0.196263 0.0839831 -0.121582 0.0903362
-0.196207 0.0832579 -0.12285 0.0907289
#POINT 4
1149 1278 1149 1278
0.152783 0.0766626 0.230381 0.100897
0.153305 0.0765336 0.230115 0.0991599
0.152776 0.0764871 0.230408 0.100984
0.153166 0.0754903 0.231253 0.0990283
0.159695 0.0772906 0.226941 0.108153
0.160274 0.0764183 0.226417 0.100946
0.1674 0.081884 0.226707 0.101326
0.16691 0.0745697 0.228516 0.103778
0.153438 0.0706096 0.229867 0.103302
0.144042 0.0693677 0.231597 0.106342
0.14862 0.077109 0.233737 0.107784
0.145371 0.0791218 0.232211 0.101707
0.145928 0.0778356 0.268011 0.0848279
0.143664 0.075548 0.246725 0.098659
0.140458 0.0717524 0.244124 0.107517
0.124184 0.0985101 0.253983 0.0903087
0.127929 0.11536 0.251781 0.0933791
0.140542 0.170199 0.252693 0.109172
0.141448 0.173743 0.228839 0.110677
0.16151 0.167005 0.206656 0.162
0.126568 0.183826 0.193553 0.176891
0.119143 0.202461 0.211105 0.164122
0.114304 0.215069 0.201395 0.194674
0.186541 0.216501 0.244596 0.18347
0.150233 0.229647 0.171951 0.159529
0.162634 0.155272 0.187278 0.174097
0.134182 0.141499 0.183079 0.122693
0.153309 0.14836 0.212725 0.115314
0.144291 0.102012 0.20311 0.118499
0.126918 0.124978 0.214979 0.102941
0.136363 0.100123 0.205307 0.103705
0.139706 0.100464 0.220805 0.0991714
0.147355 0.0857426 0.226547 0.0982941
0.1411 0.0789314 0.221935 0.0982758
0.152269 0.0823176 0.204698 0.108359
0.145156 0.0802866 0.212364 0.104452
0.145386 0.0769254 0.226745 0.090268
0.139486 0.0830425 0.227274 0.102098
0.142873 0.0804217 0.236717 0.0950956
0.1476 0.0847076 0.203616 0.108407
0.147112 0.0826416 0.211483 0.099282
0.147123 0.0805157 0.210876 0.0946363
0.142534 0.0760758 0.217087 0.088456
0.146508 0.081189 0.210171 0.10075
0.143 0.0739068 0.214938 0.0939881
0.1424 0.0734778 0.220411 0.109217
0.138189 0.0771101 0.224265 0.0934136
0.136514 0.0805581 0.227719 0.102253
0.137716 0.0819225 0.216812 0.104543
0.139033 0.0798716 0.24679 0.100212
0.13973 0.0779569 0.223121 0.105239
0.14044 0.0774842 0.219913 0.104927
0.141922 0.0764749 0.216237 0.101665
0.14344 0.0768632 0.217521 0.102137
0.1471 0.0730605 0.218798 0.101245
0.148678 0.0723038 0.226045 0.101416
0.146784 0.0732376 0.233313 0.101564
0.148941 0.0717537 0.233725 0.10082
0.14866 0.0710695 0.232977 0.101313
0.147264 0.0721811 0.231374 0.100915
0.145901 0.0732263 0.229773 0.100463
0.145581 0.0719759 0.229131 0.101736
0.145645 0.0727626 0.228489 0.10301
0.145776 0.0717293 0.228592 0.105436
0.145957 0.0725736 0.228713 0.107867
0.146284 0.0724072 0.228554 0.10827
0.146606 0.0724696 0.229574 0.107356
0.147278 0.0718649 0.229567 0.107553
0.14659 0.071521 0.228206 0.10548
0.146329 0.0722012 0.228143 0.10448
0.146066 0.0727401 0.228329 0.106054
0.146603 0.0727212 0.228571 0.107478
0.145951 0.0728346 0.228456 0.107408
0.145902 0.0720921 0.22869 0.107614
0.146179 0.0719461 0.22863 0.107646
0.146464 0.0716372 0.228539 0.107258
0.147779 0.0711031 0.229224 0.106796
0.147716 0.0711234 0.229152 0.106222
0.147714 0.0714504 0.228252 0.104778
0.147536 0.0711402 0.227537 0.104439
0.148598 0.0695087 0.228064 0.104125
0.150159 0.0693724 0.227649 0.103752
0.149755 0.0691774 0.225872 0.103491
0.149604 0.0688253 0.225104 0.10371
0.149234 0.0689358 0.224894 0.10343
0.149091 0.0676356 0.247994 0.0955907
0.156518 0.0689386 0.233185 0.106061
0.144231 0.0692959 0.227182 0.102314
0.161209 0.069844 0.226229 0.101619
0.15795 0.0684715 0.227813 0.101763
0.157417 0.0691576 0.227906 0.101176
0.157598 0.0678846 0.227813 0.101773
0.156929 0.0668089 0.227693 0.100927
0.155678 0.0680884 0.227642 0.100215
0.156117 0.0673344 0.227735 0.0996494
0.156489 0.0672343 0.227855 0.100199
0.156861 0.0670694 0.231082 0.0995158
0.158177 0.0661948 0.227882 0.0992053
0.156806 0.0657689 0.231136 0.0995296
0.156418 0.0665457 0.233993 0.0988571
0.156897 0.0662078 0.234213 0.0986883
0.158249 0.0660543 0.234059 0.0986178
0.15959 0.0659115 0.234172 0.0985994
0.159749 0.0656098 0.234154 0.0984567
0.160228 0.064737 0.234143 0.0981392
0.160216 0.064737 0.234136 0.0986745
0.160186 0.0646808 0.234279 0.0987451
0.160137 0.064724 0.234315 0.0987344
0.160861 0.064654 0.236063 0.0988635
0.160137 0.064724 0.235619 0.0985534
0.160173 0.0655105 0.234437 0.0986178
0.159778 0.0660696 0.234274 0.099632
0.147502 0.0667282 0.228955 0.099728
0.145794 0.0669818 0.215566 0.103405
0.153514 0.0669555 0.219418 0.0994491
0.156301 0.070125 0.225393 0.0961332
0.150492 0.0701116 0.223087 0.0936548
0.145083 0.0699808 0.221277 0.0965999
0.146433 0.0685861 0.220035 0.0981475
0.145353 0.0696493 0.218774 0.0994658
0.14694 0.0684565 0.218211 0.0979781
0.146086 0.069765 0.217669 0.0984758
0.146644 0.069669 0.218631 0.0971506
0.147188 0.0698243 0.219638 0.09781
0.147736 0.0706 0.219003 0.0978253
0.147293 0.0695322 0.218304 0.0977415
0.146809 0.0696294 0.219225 0.0977444
0.147209 0.0697046 0.220149 0.0978343
0.146593 0.0692322 0.221376 0.0984011
0.146859 0.0687485 0.222592 0.0989363
0.146876 0.0696641 0.222841 0.0988461
0.146871 0.0687377 0.220903 0.0990873
0.146876 0.0680198 0.22294 0.0991979
0.142331 0.0696867 0.223412 0.0994627
0.142325 0.0699258 0.223418 0.0996371
0.141415 0.0705787 0.223427 0.100292
0.141502 0.0709396 0.223434 0.100838
0.141496 0.0702655 0.223446 0.101495
0.141457 0.0702643 0.223408 0.101472
0.141406 0.0706659 0.223292 0.102431
0.141379 0.0697947 0.223132 0.10316
0.141508 0.0706791 0.223098 0.103575
0.141619 0.0705404 0.225004 0.10341
0.141763 0.0710986 0.223034 0.103222
0.141838 0.071938 0.224912 0.103309
0.145206 0.0723146 0.221502 0.103681
0.151671 0.070839 0.229217 0.107257
0.153361 0.0673344 0.230648 0.104939
0.146044 0.069698 0.223124 0.105295
0.158164 0.065758 0.227525 0.104439
0.157739 0.0675267 0.231931 0.104902
0.156606 0.0692795 0.232073 0.103731
0.155276 0.066845 0.232279 0.103157
0.153841 0.0662226 0.231717 0.103293
0.152175 0.0669238 0.231167 0.103057
0.151092 0.0675961 0.231785 0.103416
0.152294 0.0673633 0.231317 0.103676
0.153546 0.067502 0.230633 0.103589
0.153814 0.0673889 0.229955 0.103591
0.153614 0.0672202 0.230675 0.103339
0.152724 0.0672202 0.230003 0.103559
0.151637 0.067369 0.22995 0.10347
0.151854 0.0672441 0.229902 0.103502
0.151625 0.0673906 0.230178 0.103499
0.151635 0.0676961 0.230071 0.104998
0.151647 0.0676637 0.22938 0.105318
0.151848 0.0675053 0.229613 0.104842
0.151934 0.068205 0.229075 0.105869
0.152036 0.0681857 0.229129 0.10599
0.152357 0.0685318 0.229715 0.105537
0.152648 0.0680581 0.229485 0.104783
0.152668 0.0691058 0.228927 0.104689
0.152937 0.0689605 0.228455 0.104499
0.153193 0.0689987 0.230301 0.104424
0.153553 0.0693139 0.228927 0.103669
0.153399 0.0693428 0.226944 0.103337
0.153497 0.0688534 0.228968 0.103758
0.15317 0.0694137 0.228116 0.103449
0.153787 0.0701823 0.227967 0.103849
0.153349 0.0686101 0.227958 0.103662
0.153886 0.0684489 0.227973 0.103695
0.157997 0.0646617 0.242687 0.103634
0.155025 0.071404 0.231921 0.099398
0.152961 0.0677389 0.237478 0.100209
0.154693 0.0703464 0.232728 0.102402
0.154746 0.0684037 0.230906 0.103785
0.154955 0.0663909 0.229532 0.105333
0.15626 0.067273 0.230347 0.105249
0.156395 0.0658464 0.231102 0.105283
0.155991 0.0660882 0.230451 0.105329
0.155633 0.0658718 0.22977 0.10534
0.155505 0.0662617 0.229507 0.105684
0.155747 0.0666272 0.229236 0.10584
0.155562 0.0664487 0.229658 0.105964
0.155747 0.0666272 0.230095 0.105911
0.155521 0.0667426 0.229805 0.105286
0.155285 0.0666278 0.230106 0.105241
0.155506 0.0667415 0.23027 0.106223
0.155738 0.0667903 0.230452 0.107338
0.155282 0.0665835 0.230743 0.107359
0.155215 0.0664625 0.232435 0.107116
0.154911 0.066662 0.232499 0.106491
0.154785 0.0671394 0.23191 0.106285
0.154331 0.0667133 0.229889 0.10641
0.154141 0.0668071 0.230049 0.106338
0.153754 0.0663834 0.230237 0.106322
0.153757 0.0664277 0.230043 0.106535
0.153563 0.0647337 0.233438 0.106323
0.152548 0.0664536 0.230429 0.105799
0.152399 0.0645327 0.230492 0.105472
0.152346 0.0649124 0.23196 0.10498
0.153209 0.065325 0.230585 0.104938
0.152061 0.0656794 0.230668 0.105159
0.151996 0.0648065 0.230706 0.104141
0.151227 0.0657037 0.232146 0.102956
0.151956 0.0656005 0.230757 0.104153
0.151948 0.0649468 0.23046 0.102695
0.153015 0.0648738 0.230781 0.103835
0.152759 0.0649546 0.231611 0.103816
0.152708 0.0648996 0.228466 0.102789
0.152668 0.0648877 0.231499 0.0991679
0.1528 0.0645748 0.231258 0.100803
0.152796 0.0653259 0.230927 0.101055
0.15313 0.0653228 0.231047 0.101913
0.153034 0.0654955 0.231141 0.101379
0.152225 0.065945 0.231056 0.102101
0.149709 0.0668447 0.230956 0.10281
0.150109 0.0669195 0.230823 0.102608
0.149781 0.0683173 0.230713 0.102725
0.150401 0.0668281 0.230816 0.103101
0.149954 0.0694324 0.23091 0.103576
0.149982 0.0694228 0.230791 0.10343
0.150014 0.07082 0.230722 0.103603
0.150052 0.0684429 0.230808 0.10388
0.150034 0.0669723 0.230894 0.104145
0.14988 0.0682322 0.231008 0.104808
0.149568 0.0668413 0.23102 0.104808
0.149183 0.0667999 0.230675 0.105005
0.149301 0.0673253 0.230591 0.10508
0.149205 0.0675301 0.230705 0.106083
0.149494 0.0677656 0.231076 0.106205
0.149446 0.0679165 0.231737 0.1064
0.149339 0.0669554 0.231776 0.106413
0.149304 0.0657682 0.231814 0.106743
0.149312 0.0651807 0.231575 0.10678
0.149643 0.0667777 0.231412 0.106467
0.149637 0.0670495 0.230559 0.107145
0.149962 0.0672095 0.230396 0.107172
0.149982 0.0677662 0.230416 0.107381
0.150006 0.0681482 0.230431 0.107404
0.150061 0.0683231 0.23057 0.107706
0.150052 0.0683674 0.23076 0.107799
0.150603 0.0683261 0.230816 0.107944
0.150183 0.067705 0.230564 0.105375
0.150045 0.0677889 0.230412 0.10537
0.149867 0.0678071 0.230871 0.105176
0.149928 0.0681783 0.229841 0.1052
0.15075 0.0681223 0.229791 0.104924
0.150316 0.0677958 0.230656 0.105466
0.147662 0.0674387 0.227815 0.101807
0.149004 0.0713295 0.218349 0.106797
0.149329 0.0698544 0.229206 0.110424
0.149853 0.0698015 0.232501 0.107227
0.147471 0.0699283 0.229534 0.105728
0.147543 0.0701594 0.223664 0.104368
0.147548 0.0694626 0.230112 0.105109
0.14842 0.0691448 0.229598 0.105115
0.147224 0.0693993 0.22901 0.104878
0.146971 0.0690021 0.229657 0.105051
0.146777 0.0682018 0.230273 0.105026
0.146733 0.0683214 0.230527 0.104431
0.146691 0.0686469 0.230258 0.104971
0.146615 0.0683395 0.229492 0.104619
0.146552 0.0682845 0.229711 0.105076
0.146559 0.0685346 0.229165 0.104631
0.146604 0.0687212 0.22872 0.104189
0.146213 0.068505 0.228476 0.104379
0.145747 0.06796 0.228232 0.10458
0.145735 0.0679277 0.228322 0.104233
0.146695 0.0675582 0.22875 0.104278
0.146668 0.0670463 0.228663 0.10432
0.145773 0.0671229 0.22825 0.104383
0.146486 0.0661498 0.228962 0.104931
0.146498 0.0661929 0.228279 0.104758
0.146568 0.0663577 0.227539 0.104833
0.146494 0.067281 0.227531 0.104582
0.146479 0.0671507 0.227508 0.10435
0.146491 0.0675968 0.227588 0.103433
0.146254 0.0673303 0.227653 0.103511
0.146422 0.0674426 0.228012 0.104684
0.146371 0.0674414 0.228003 0.104771
0.146356 0.0673542 0.227974 0.103367
0.146831 0.0678656 0.227986 0.103346
0.14681 0.0675821 0.227945 0.10122
0.147476 0.0675765 0.227945 0.10122
0.147437 0.0676184 0.228015 0.10143
0.14736 0.0679116 0.229307 0.101445
0.146543 0.0684903 0.229307 0.101445
0.147178 0.0687124 0.229346 0.101468
0.147178 0.0687339 0.229357 0.101743
0.147926 0.0689153 0.22934 0.102301
0.148684 0.068923 0.233889 0.102458
0.148684 0.068923 0.233883 0.103886
0.148702 0.0690763 0.229545 0.103742
0.148921 0.0687971 0.229566 0.10358
0.152093 0.0662578 0.231742 0.103962
0.152424 0.066243 0.232706 0.104421
0.152417 0.0660249 0.232718 0.10407
0.152762 0.0663059 0.232444 0.104214
0.152819 0.0660997 0.232465 0.10438
0.152686 0.0658902 0.231801 0.104491
0.152713 0.0659669 0.231432 0.104392
0.152722 0.0658471 0.229919 0.103688
0.150911 0.0658922 0.230001 0.104162
0.150583 0.0661023 0.229999 0.104118
0.150135 0.0660815 0.229873 0.105377
0.150135 0.0660815 0.228128 0.105466
0.149585 0.0660908 0.229877 0.10519
0.149524 0.0658492 0.228195 0.105173
0.149636 0.0661027 0.228296 0.105208
0.149085 0.0661982 0.228403 0.10509
0.1492 0.0665929 0.228557 0.105204
0.149338 0.0665089 0.228564 0.104986
0.14954 0.0663937 0.229009 0.105174
0.148927 0.0669129 0.229452 0.105221
0.149464 0.0659462 0.229162 0.104533
0.149635 0.0656778 0.229192 0.104654
0.149292 0.0657682 0.229339 0.104954
0.149628 0.0650676 0.229414 0.10488
0.149378 0.0648229 0.229493 0.104333
0.149426 0.0647151 0.229716 0.104242
0.148785 0.0647224 0.228026 0.104059
0.14824 0.0679203 0.223322 0.101492
0.150467 0.0630091 0.231 0.100641
0.147944 0.0643775 0.220666 0.104665
0.148334 0.0646038 0.223886 0.104287
0.148136 0.0648494 0.227123 0.104076
0.148135 0.0656327 0.227304 0.101945
0.148139 0.0666663 0.227557 0.0999174
0.148031 0.0669357 0.227569 0.0998852
0.147963 0.06712 0.227634 0.0999312
0.147788 0.0669516 0.227508 0.101306
0.147641 0.0671228 0.22737 0.102659
0.147959 0.0670434 0.227653 0.101485
0.147717 0.067484 0.227959 0.100279
0.147575 0.0670667 0.22779 0.101467
0.147524 0.067044 0.228026 0.101748
0.147614 0.0670355 0.228096 0.102286
0.147689 0.0670043 0.228142 0.101849
0.147804 0.0674313 0.228468 0.101816
0.147755 0.0670497 0.229248 0.100206
0.147432 0.0677715 0.228473 0.101279
0.150615 0.0649818 0.228095 0.101585
0.150058 0.0648166 0.228126 0.102122
0.150433 0.0644879 0.228166 0.102814
0.150403 0.0643564 0.229365 0.103266
0.149931 0.0644652 0.229365 0.103266
0.149846 0.0624296 0.229938 0.102176
